[[0.5377358490566038, 0.4528301886792453, 0.009433962264150943], [0.60250569476082, 0.3917995444191344, 0.0056947608200455585], [0.6103074141048824, 0.38245931283905965, 0.007233273056057866], [0.5281995661605207, 0.447939262472885, 0.02386117136659436], [0.46770025839793283, 0.49612403100775193, 0.03617571059431524], [0.75, 0.25, 0.0], [0.5426356589147286, 0.4496124031007752, 0.007751937984496124], [0.5860805860805861, 0.4139194139194139, 0.0], [0.5505050505050505, 0.43434343434343436, 0.015151515151515152], [0.6589595375722543, 0.33815028901734107, 0.002890173410404624], [0.6026785714285714, 0.375, 0.022321428571428572], [0.5210970464135021, 0.4578059071729958, 0.02109704641350211], [0.4192825112107623, 0.5538116591928252, 0.026905829596412557], [0.24481327800829875, 0.7261410788381742, 0.029045643153526972], [0.3609625668449198, 0.6203208556149733, 0.01871657754010695], [0.3212996389891697, 0.5884476534296029, 0.09025270758122744], [0.5886075949367089, 0.3987341772151899, 0.012658227848101266], [0.5531914893617021, 0.4308510638297872, 0.015957446808510637], [0.45818815331010454, 0.5104529616724739, 0.0313588850174216], [0.5054151624548736, 0.4747292418772563, 0.019855595667870037], [0.5367647058823529, 0.45588235294117646, 0.007352941176470588], [0.6112759643916914, 0.3649851632047478, 0.02373887240356083], [0.43349753694581283, 0.5566502463054187, 0.009852216748768473], [0.2972972972972973, 0.6621621621621622, 0.04054054054054054], [0.5645833333333333, 0.4270833333333333, 0.008333333333333333], [0.6896551724137931, 0.3103448275862069, 0.0], [0.7244897959183674, 0.2653061224489796, 0.01020408163265306], [0.49019607843137253, 0.47950089126559714, 0.030303030303030304], [0.48398576512455516, 0.49110320284697506, 0.02491103202846975], [0.615686274509804, 0.3607843137254902, 0.023529411764705882], [0.5709342560553633, 0.42214532871972316, 0.006920415224913495], [0.5267489711934157, 0.4444444444444444, 0.02880658436213992], [0.7894736842105263, 0.19736842105263158, 0.013157894736842105], [0.6241379310344828, 0.35172413793103446, 0.02413793103448276], [0.7483660130718954, 0.24836601307189543, 0.0032679738562091504], [0.4981949458483754, 0.4693140794223827, 0.032490974729241874], [0.4442836468885673, 0.5455861070911722, 0.010130246020260492], [0.4921383647798742, 0.47955974842767296, 0.02830188679245283], [0.5781990521327014, 0.4052132701421801, 0.016587677725118485], [0.6576402321083172, 0.3404255319148936, 0.0019342359767891683], [0.4344262295081967, 0.4959016393442623, 0.06967213114754098], [0.41005802707930367, 0.5589941972920697, 0.030947775628626693], [0.4298375184638109, 0.5480059084194978, 0.022156573116691284], [0.4366998577524893, 0.5291607396870555, 0.034139402560455195], [0.11986301369863013, 0.815068493150685, 0.06506849315068493], [0.5993322203672788, 0.38564273789649417, 0.015025041736227046], [0.625, 0.375, 0.0], [0.5605095541401274, 0.42038216560509556, 0.01910828025477707], [0.567398119122257, 0.4200626959247649, 0.012539184952978056], [0.39644970414201186, 0.5946745562130178, 0.008875739644970414], [0.5526992287917738, 0.44087403598971725, 0.006426735218508998], [0.4442446043165468, 0.5413669064748201, 0.014388489208633094], [0.4945054945054945, 0.4835164835164835, 0.02197802197802198], [0.29504504504504503, 0.6644144144144144, 0.04054054054054054], [0.4375, 0.5526315789473685, 0.009868421052631578], [0.45724907063197023, 0.4944237918215613, 0.048327137546468404], [0.32287822878228783, 0.6457564575645757, 0.03136531365313653], [0.6202090592334495, 0.3797909407665505, 0.0], [0.44339622641509435, 0.5204402515723271, 0.036163522012578615], [0.5230769230769231, 0.45, 0.026923076923076925], [0.4855072463768116, 0.49818840579710144, 0.016304347826086956], [0.47493403693931396, 0.5171503957783641, 0.0079155672823219], [0.5432432432432432, 0.45135135135135135, 0.005405405405405406], [0.5617021276595745, 0.4297872340425532, 0.00851063829787234], [0.6075581395348837, 0.38372093023255816, 0.00872093023255814], [0.4503424657534247, 0.5342465753424658, 0.015410958904109588], [0.34172661870503596, 0.6115107913669064, 0.046762589928057555], [0.4506283662477558, 0.526032315978456, 0.02333931777378815], [0.3547400611620795, 0.6299694189602446, 0.01529051987767584], [0.3595890410958904, 0.6198630136986302, 0.02054794520547945], [0.5047619047619047, 0.473015873015873, 0.022222222222222223], [0.41776315789473684, 0.5641447368421053, 0.018092105263157895], [0.4350132625994695, 0.5570291777188329, 0.007957559681697613], [0.4577777777777778, 0.5288888888888889, 0.013333333333333334], [0.5072463768115942, 0.48148148148148145, 0.011272141706924315], [0.3257328990228013, 0.6416938110749185, 0.03257328990228013], [0.5944954128440367, 0.4018348623853211, 0.003669724770642202], [0.5791139240506329, 0.41139240506329117, 0.00949367088607595], [0.4883720930232558, 0.48300536672629696, 0.028622540250447227], [0.46255506607929514, 0.5022026431718062, 0.03524229074889868], [0.491588785046729, 0.48411214953271026, 0.024299065420560748], [0.5164835164835165, 0.46886446886446886, 0.014652014652014652], [0.5305343511450382, 0.4618320610687023, 0.007633587786259542], [0.572354211663067, 0.41252699784017277, 0.01511879049676026], [0.45038167938931295, 0.5343511450381679, 0.015267175572519083], [0.48475120385232745, 0.5136436597110754, 0.0016051364365971107], [0.5465587044534413, 0.4251012145748988, 0.02834008097165992], [0.5532646048109966, 0.44329896907216493, 0.003436426116838488], [0.5358490566037736, 0.4641509433962264, 0.0], [0.4106529209621993, 0.5738831615120275, 0.015463917525773196], [0.37464788732394366, 0.6112676056338028, 0.014084507042253521], [0.5129310344827587, 0.48060344827586204, 0.00646551724137931], [0.48826291079812206, 0.4953051643192488, 0.01643192488262911], [0.584493041749503, 0.39363817097415504, 0.02186878727634195], [0.5239852398523985, 0.46494464944649444, 0.01107011070110701], [0.560126582278481, 0.43670886075949367, 0.0031645569620253164], [0.43833017077798864, 0.5464895635673624, 0.015180265654648957], [0.5849673202614379, 0.3954248366013072, 0.0196078431372549], [0.5468085106382978, 0.4340425531914894, 0.019148936170212766], [0.5714285714285714, 0.42587601078167114, 0.0026954177897574125], [0.7544303797468355, 0.24556962025316456, 0.0], [0.6271929824561403, 0.36403508771929827, 0.008771929824561403], [0.6099585062240664, 0.3796680497925311, 0.01037344398340249], [0.5793650793650794, 0.41534391534391535, 0.005291005291005291], [0.5275229357798165, 0.45718654434250766, 0.01529051987767584], [0.47126436781609193, 0.5221674876847291, 0.006568144499178982], [0.6212765957446809, 0.37446808510638296, 0.00425531914893617], [0.45646437994722955, 0.5356200527704486, 0.0079155672823219], [0.5365853658536586, 0.4352720450281426, 0.028142589118198873], [0.5201612903225806, 0.45564516129032256, 0.024193548387096774], [0.6470588235294118, 0.33176470588235296, 0.021176470588235293], [0.5762081784386617, 0.4107806691449814, 0.013011152416356878], [0.7284768211920529, 0.2682119205298013, 0.0033112582781456954], [0.65, 0.34, 0.01], [0.7322834645669292, 0.2677165354330709, 0.0], [0.5207986688851913, 0.46589018302828616, 0.013311148086522463], [0.48344370860927155, 0.5, 0.016556291390728478], [0.5705882352941176, 0.4176470588235294, 0.011764705882352941], [0.47882136279926335, 0.5064456721915286, 0.014732965009208104], [0.5625, 0.4125, 0.025], [0.4930555555555556, 0.4704861111111111, 0.036458333333333336], [0.4827586206896552, 0.5092838196286472, 0.007957559681697613], [0.507563025210084, 0.47058823529411764, 0.021848739495798318], [0.5015015015015015, 0.4804804804804805, 0.018018018018018018], [0.5746388443017657, 0.4173354735152488, 0.008025682182985553], [0.5070422535211268, 0.45774647887323944, 0.035211267605633804], [0.4598698481561822, 0.5206073752711496, 0.019522776572668113], [0.5682819383259912, 0.4251101321585903, 0.006607929515418502], [0.5308641975308642, 0.4641975308641975, 0.0049382716049382715], [0.5030425963488844, 0.4766734279918864, 0.02028397565922921], [0.6941896024464832, 0.2996941896024465, 0.0061162079510703364], [0.5155709342560554, 0.47750865051903113, 0.006920415224913495], [0.148, 0.82, 0.032], [0.1168032786885246, 0.8688524590163934, 0.014344262295081968], [0.15113350125944586, 0.8261964735516373, 0.022670025188916875], [0.1056547619047619, 0.8779761904761905, 0.01636904761904762], [0.4864864864864865, 0.4864864864864865, 0.02702702702702703], [0.48045112781954885, 0.5052631578947369, 0.014285714285714285], [0.5063025210084033, 0.4800420168067227, 0.01365546218487395], [0.11871227364185111, 0.8651911468812877, 0.01609657947686117], [0.5140607424071991, 0.4701912260967379, 0.015748031496062992], [0.5064039408866995, 0.47783251231527096, 0.015763546798029555], [0.09128065395095368, 0.8937329700272479, 0.014986376021798364], [0.0830945558739255, 0.8997134670487106, 0.017191977077363897], [0.07503234152652005, 0.9055627425614489, 0.019404915912031046], [0.15402298850574714, 0.8344827586206897, 0.011494252873563218], [0.09259259259259259, 0.8875661375661376, 0.01984126984126984], [0.39349871685201027, 0.5748502994011976, 0.03165098374679213], [0.45574057843996496, 0.5223488168273445, 0.021910604732690624], [0.12413793103448276, 0.8436781609195402, 0.03218390804597701], [0.1388888888888889, 0.85, 0.011111111111111112], [0.09355828220858896, 0.8819018404907976, 0.024539877300613498], [0.08976660682226212, 0.8689407540394973, 0.04129263913824058], [0.15674603174603174, 0.8214285714285714, 0.021825396825396824], [0.5753191489361702, 0.4, 0.02468085106382979], [0.494949494949495, 0.4797979797979798, 0.025252525252525252], [0.5298013245033113, 0.45789971617786185, 0.01229895931882687], [0.12846347607052896, 0.8602015113350125, 0.011335012594458438], [0.11827956989247312, 0.8588709677419355, 0.0228494623655914], [0.08930540242557883, 0.8952590959206174, 0.015435501653803748], [0.4630801687763713, 0.5232067510548524, 0.013713080168776372], [0.5851926977687627, 0.3995943204868154, 0.015212981744421906], [0.3654320987654321, 0.6041152263374485, 0.030452674897119343], [0.4520123839009288, 0.5232198142414861, 0.02476780185758514], [0.12094763092269327, 0.8553615960099751, 0.02369077306733167], [0.562082777036048, 0.43124165554072097, 0.006675567423230975], [0.15894039735099338, 0.8278145695364238, 0.013245033112582781], [0.08921161825726141, 0.8858921161825726, 0.024896265560165973], [0.10120481927710843, 0.8578313253012049, 0.04096385542168675], [0.4619289340101523, 0.5248730964467005, 0.013197969543147208], [0.5643776824034334, 0.4248927038626609, 0.01072961373390558], [0.5023419203747073, 0.477751756440281, 0.01990632318501171], [0.10377358490566038, 0.8603773584905661, 0.035849056603773584], [0.08156028368794327, 0.8995271867612293, 0.018912529550827423], [0.10733844468784227, 0.8652792990142387, 0.027382256297918947], [0.08448928121059268, 0.9029003783102144, 0.012610340479192938], [0.4698646986469865, 0.5178351783517835, 0.012300123001230012], [0.5310015898251192, 0.4435612082670906, 0.025437201907790145], [0.47229551451187335, 0.5, 0.027704485488126648], [0.38850889192886456, 0.5896032831737346, 0.02188782489740082], [0.0975609756097561, 0.8845528455284553, 0.01788617886178862], [0.1750814332247557, 0.8086319218241043, 0.016286644951140065], [0.18101545253863136, 0.7902869757174393, 0.02869757174392936], [0.08571428571428572, 0.8923076923076924, 0.02197802197802198], [0.5419463087248322, 0.44798657718120805, 0.010067114093959731], [0.09580052493438321, 0.8674540682414699, 0.03674540682414698], [0.4949944382647386, 0.4783092324805339, 0.026696329254727477], [0.5274900398406375, 0.4613545816733068, 0.011155378486055778], [0.465495608531995, 0.5094102885821832, 0.025094102885821833], [0.4309063893016345, 0.5423476968796433, 0.02674591381872214], [0.44341372912801486, 0.5194805194805194, 0.03710575139146568], [0.07623318385650224, 0.9013452914798207, 0.02242152466367713], [0.475177304964539, 0.502127659574468, 0.02269503546099291], [0.5411522633744856, 0.4156378600823045, 0.043209876543209874], [0.13609467455621302, 0.8402366863905325, 0.023668639053254437], [0.2840909090909091, 0.7007575757575758, 0.015151515151515152], [0.1989795918367347, 0.7891156462585034, 0.011904761904761904], [0.49296939619520264, 0.48883374689826303, 0.018196856906534328], [0.4485776805251641, 0.5350109409190372, 0.016411378555798686], [0.5883280757097792, 0.3911671924290221, 0.02050473186119874], [0.4753410283315845, 0.5236096537250787, 0.001049317943336831], [0.5685393258426966, 0.4191011235955056, 0.012359550561797753], [0.5942549371633752, 0.38420107719928187, 0.02154398563734291], [0.6069023569023569, 0.38552188552188554, 0.007575757575757576], [0.4754754754754755, 0.5145145145145145, 0.01001001001001001], [0.6131756756756757, 0.3766891891891892, 0.010135135135135136], [0.5440956651718983, 0.43871449925261585, 0.0171898355754858], [0.5386138613861386, 0.44455445544554456, 0.016831683168316833], [0.04212860310421286, 0.9467849223946785, 0.011086474501108648], [0.47482724580454094, 0.5054294175715696, 0.019743336623889437], [0.5220458553791887, 0.4585537918871252, 0.019400352733686066], [0.6006389776357828, 0.39829605963791265, 0.0010649627263045794], [0.5028112449799197, 0.4859437751004016, 0.011244979919678716], [0.507768361581921, 0.4837570621468927, 0.00847457627118644], [0.4796380090497738, 0.5113122171945701, 0.00904977375565611], [0.5895117540687161, 0.40325497287522605, 0.007233273056057866], [0.5008196721311475, 0.4852459016393443, 0.013934426229508197], [0.5767195767195767, 0.41904761904761906, 0.004232804232804233], [0.48932676518883417, 0.5041050903119869, 0.006568144499178982], [0.45204262877442275, 0.5213143872113677, 0.02664298401420959], [0.458252427184466, 0.5281553398058253, 0.013592233009708738], [0.43345323741007197, 0.5593525179856115, 0.007194244604316547], [0.4691358024691358, 0.5201646090534979, 0.010699588477366255], [0.4444444444444444, 0.5422885572139303, 0.013266998341625208], [0.4705400981996727, 0.5065466448445172, 0.022913256955810146], [0.6049019607843137, 0.3931372549019608, 0.00196078431372549], [0.45036764705882354, 0.5386029411764706, 0.011029411764705883], [0.49961977186311785, 0.4973384030418251, 0.003041825095057034], [0.491062039957939, 0.4794952681388013, 0.029442691903259727], [0.5533980582524272, 0.43106796116504853, 0.015533980582524271], [0.5605095541401274, 0.42462845010615713, 0.014861995753715499], [0.45799011532125206, 0.5329489291598023, 0.009060955518945634], [0.5441412520064205, 0.4446227929373997, 0.011235955056179775], [0.5934539190353144, 0.3996554694229113, 0.0068906115417743325], [0.5254237288135594, 0.4608050847457627, 0.013771186440677966], [0.45773524720893144, 0.5255183413078149, 0.01674641148325359], [0.0585480093676815, 0.927400468384075, 0.01405152224824356], [0.5074331020812686, 0.4846382556987116, 0.007928642220019821], [0.5, 0.4894957983193277, 0.01050420168067227], [0.5058411214953271, 0.4883177570093458, 0.005841121495327103], [0.5195530726256983, 0.473463687150838, 0.006983240223463687], [0.5147058823529411, 0.4772727272727273, 0.008021390374331552], [0.3954248366013072, 0.5637254901960784, 0.04084967320261438], [0.5111464968152867, 0.4729299363057325, 0.01592356687898089], [0.6260869565217392, 0.3630434782608696, 0.010869565217391304], [0.46245733788395904, 0.5221843003412969, 0.015358361774744027], [0.4179658500371195, 0.5456570155902004, 0.03637713437268003], [0.14912280701754385, 0.8128654970760234, 0.038011695906432746], [0.384703196347032, 0.591324200913242, 0.023972602739726026], [0.65625, 0.33482142857142855, 0.008928571428571428], [0.5994897959183674, 0.3877551020408163, 0.012755102040816327], [0.4972972972972973, 0.45225225225225224, 0.05045045045045045], [0.6631853785900783, 0.3342036553524804, 0.0026109660574412533], [0.5225321888412017, 0.47317596566523606, 0.004291845493562232], [0.5833333333333334, 0.387037037037037, 0.02962962962962963], [0.5279931093884582, 0.46339362618432384, 0.008613264427217916], [0.4897959183673469, 0.49271137026239065, 0.01749271137026239], [0.5401459854014599, 0.4489051094890511, 0.010948905109489052], [0.4988344988344988, 0.49417249417249415, 0.006993006993006993], [0.12315270935960591, 0.8522167487684729, 0.024630541871921183], [0.49407114624505927, 0.4901185770750988, 0.015810276679841896], [0.5616797900262467, 0.4251968503937008, 0.013123359580052493], [0.5551149881046789, 0.42981760507533706, 0.01506740681998414], [0.4830917874396135, 0.5040257648953301, 0.01288244766505636], [0.42981186685962375, 0.5455861070911722, 0.024602026049204053], [0.571236559139785, 0.41263440860215056, 0.016129032258064516], [0.6210720887245841, 0.36691312384473196, 0.012014787430683918], [0.497289972899729, 0.4932249322493225, 0.009485094850948509], [0.6490350250178699, 0.34810578984989277, 0.0028591851322373124], [0.5210589651022864, 0.4741275571600481, 0.0048134777376654635], [0.5988372093023255, 0.39244186046511625, 0.00872093023255814], [0.5385964912280702, 0.45614035087719296, 0.005263157894736842], [0.45279560036663613, 0.5334555453712191, 0.013748854262144821], [0.49416342412451364, 0.47470817120622566, 0.0311284046692607], [0.5482954545454546, 0.4474431818181818, 0.004261363636363636], [0.5563480741797432, 0.43509272467902993, 0.008559201141226819], [0.5424028268551236, 0.45229681978798586, 0.00530035335689046], [0.5041628122109159, 0.484736355226642, 0.011100832562442183], [0.5755517826825127, 0.4151103565365025, 0.00933786078098472], [0.5390173410404624, 0.4508670520231214, 0.010115606936416185], [0.5319148936170213, 0.46421663442940037, 0.0038684719535783366], [0.46368715083798884, 0.5184357541899441, 0.017877094972067038], [0.5481798715203426, 0.4346895074946467, 0.017130620985010708], [0.5993091537132987, 0.38687392055267705, 0.013816925734024179], [0.38060781476121563, 0.6020260492040521, 0.017366136034732273], [0.5281933256616801, 0.44649021864211735, 0.02531645569620253], [0.47583081570996977, 0.5105740181268882, 0.013595166163141994], [0.07333333333333333, 0.9066666666666666, 0.02], [0.5035897435897436, 0.4841025641025641, 0.012307692307692308], [0.38976377952755903, 0.5997375328083989, 0.010498687664041995], [0.5277382645803699, 0.4623044096728307, 0.00995732574679943], [0.5, 0.4796511627906977, 0.020348837209302327], [0.583916083916084, 0.40384615384615385, 0.012237762237762238], [0.41089108910891087, 0.5759075907590759, 0.013201320132013201], [0.43243243243243246, 0.5387387387387388, 0.02882882882882883], [0.4972253052164262, 0.49278579356270813, 0.009988901220865706], [0.47157894736842104, 0.5042105263157894, 0.024210526315789474], [0.5154639175257731, 0.47010309278350515, 0.01443298969072165], [0.10277324632952692, 0.8841761827079935, 0.013050570962479609], [0.45493562231759654, 0.51931330472103, 0.02575107296137339], [0.5425925925925926, 0.44074074074074077, 0.016666666666666666], [0.3922480620155039, 0.5937984496124031, 0.013953488372093023], [0.3763440860215054, 0.5967741935483871, 0.026881720430107527], [0.48516129032258065, 0.5032258064516129, 0.011612903225806452], [0.49341021416803954, 0.48599670510708404, 0.02059308072487644], [0.5287713841368584, 0.463452566096423, 0.007776049766718507], [0.6244769874476988, 0.3692468619246862, 0.006276150627615063], [0.44957587181903863, 0.5315739868049011, 0.01885014137606032], [0.5468886941279579, 0.44522348816827345, 0.007887817703768623], [0.055327868852459015, 0.9139344262295082, 0.030737704918032786], [0.45271629778672035, 0.5261569416498993, 0.02112676056338028], [0.44653465346534654, 0.5405940594059406, 0.01287128712871287], [0.547945205479452, 0.4383561643835616, 0.0136986301369863], [0.6963249516441006, 0.29206963249516443, 0.01160541586073501], [0.45989304812834225, 0.5095492742551566, 0.030557677616501147], [0.05752212389380531, 0.915929203539823, 0.02654867256637168], [0.4982164090368609, 0.46730083234244946, 0.034482758620689655], [0.30538922155688625, 0.6723695466210436, 0.022241231822070145], [0.5954198473282443, 0.39236641221374047, 0.012213740458015267], [0.6746987951807228, 0.3253012048192771, 0.0], [0.42947103274559195, 0.5314861460957179, 0.03904282115869018], [0.14905149051490515, 0.8401084010840109, 0.01084010840108401], [0.533275713050994, 0.46326707000864303, 0.003457216940363008], [0.48148148148148145, 0.5116598079561042, 0.006858710562414266], [0.4794520547945205, 0.5041095890410959, 0.01643835616438356], [0.5426356589147286, 0.44573643410852715, 0.011627906976744186], [0.6528189910979229, 0.34124629080118696, 0.005934718100890208], [0.5721271393643031, 0.4119804400977995, 0.01589242053789731], [0.5490196078431373, 0.45098039215686275, 0.0], [0.5954022988505747, 0.40229885057471265, 0.0022988505747126436], [0.5092592592592593, 0.49074074074074076, 0.0], [0.583596214511041, 0.4116719242902208, 0.00473186119873817], [0.7114624505928854, 0.2885375494071146, 0.0], [0.5285451197053407, 0.4604051565377532, 0.011049723756906077], [0.4312267657992565, 0.5489467162329615, 0.01982651796778191], [0.5730858468677494, 0.41299303944315546, 0.013921113689095127], [0.5921908893709328, 0.4078091106290672, 0.0], [0.5726495726495726, 0.4166666666666667, 0.010683760683760684], [0.5018450184501845, 0.4797047970479705, 0.01845018450184502], [0.5634178905206942, 0.4152202937249666, 0.021361815754339118], [0.6322869955156951, 0.3609865470852018, 0.006726457399103139], [0.5410764872521246, 0.44192634560906513, 0.0169971671388102], [0.4776470588235294, 0.5176470588235295, 0.004705882352941176], [0.6142506142506142, 0.3857493857493858, 0.0], [0.46774193548387094, 0.5161290322580645, 0.016129032258064516], [0.5803571428571429, 0.4166666666666667, 0.002976190476190476], [0.5933333333333334, 0.396, 0.010666666666666666], [0.6405228758169934, 0.35947712418300654, 0.0], [0.4591439688715953, 0.5350194552529183, 0.005836575875486381], [0.5827586206896552, 0.39655172413793105, 0.020689655172413793], [0.5151515151515151, 0.4727272727272727, 0.012121212121212121], [0.4794871794871795, 0.5051282051282051, 0.015384615384615385], [0.5520833333333334, 0.4444444444444444, 0.003472222222222222], [0.5801886792452831, 0.4080188679245283, 0.01179245283018868], [0.4639423076923077, 0.5096153846153846, 0.026442307692307692], [0.6162464985994398, 0.38095238095238093, 0.0028011204481792717], [0.5468531468531469, 0.44755244755244755, 0.005594405594405594], [0.5567144719687093, 0.4276401564537158, 0.01564537157757497], [0.5921052631578947, 0.4057017543859649, 0.0021929824561403508], [0.5051948051948052, 0.487012987012987, 0.007792207792207792], [0.46319018404907975, 0.5276073619631901, 0.009202453987730062], [0.47959183673469385, 0.5142857142857142, 0.006122448979591836], [0.5576923076923077, 0.4391025641025641, 0.003205128205128205], [0.41252699784017277, 0.5572354211663066, 0.03023758099352052], [0.5204545454545455, 0.475, 0.004545454545454545], [0.5707196029776674, 0.41935483870967744, 0.009925558312655087], [0.659942363112392, 0.3400576368876081, 0.0], [0.5569007263922519, 0.43099273607748184, 0.012106537530266344], [0.6159554730983302, 0.37291280148423006, 0.011131725417439703], [0.5817901234567902, 0.41358024691358025, 0.004629629629629629], [0.5278969957081545, 0.45493562231759654, 0.017167381974248927], [0.5341880341880342, 0.4594017094017094, 0.00641025641025641], [0.4845360824742268, 0.5154639175257731, 0.0], [0.6304909560723514, 0.36563307493540054, 0.003875968992248062], [0.6466257668711657, 0.34846625766871164, 0.0049079754601227], [0.4790697674418605, 0.4906976744186046, 0.030232558139534883], [0.6711864406779661, 0.3288135593220339, 0.0], [0.5589403973509933, 0.4251655629139073, 0.015894039735099338], [0.5208333333333334, 0.45625, 0.022916666666666665], [0.5919282511210763, 0.39461883408071746, 0.013452914798206279], [0.7010309278350515, 0.29896907216494845, 0.0], [0.49263502454991814, 0.502454991816694, 0.004909983633387889], [0.6061046511627907, 0.38372093023255816, 0.010174418604651164], [0.5057736720554272, 0.4942263279445728, 0.0], [0.5294117647058824, 0.4411764705882353, 0.029411764705882353], [0.35687732342007433, 0.6319702602230484, 0.011152416356877323], [0.3673469387755102, 0.6122448979591837, 0.02040816326530612], [0.6411290322580645, 0.3548387096774194, 0.004032258064516129], [0.6235827664399093, 0.35374149659863946, 0.022675736961451247], [0.44140625, 0.55078125, 0.0078125], [0.25389755011135856, 0.7193763919821826, 0.026726057906458798], [0.3767605633802817, 0.602112676056338, 0.02112676056338028], [0.49291338582677163, 0.49606299212598426, 0.011023622047244094], [0.41854636591478694, 0.556390977443609, 0.02506265664160401], [0.49823321554770317, 0.5017667844522968, 0.0], [0.46524064171123, 0.5106951871657754, 0.02406417112299465], [0.6358974358974359, 0.358974358974359, 0.005128205128205128], [0.3078947368421053, 0.6447368421052632, 0.04736842105263158], [0.5067873303167421, 0.4720965309200603, 0.021116138763197588], [0.3800578034682081, 0.5953757225433526, 0.024566473988439308], [0.41804320203303685, 0.5565438373570522, 0.025412960609911054], [0.4701670644391408, 0.5202863961813843, 0.00954653937947494], [0.4675925925925926, 0.5046296296296297, 0.027777777777777776], [0.5972222222222222, 0.36574074074074076, 0.037037037037037035], [0.4279835390946502, 0.551440329218107, 0.0205761316872428], [0.42857142857142855, 0.5529100529100529, 0.018518518518518517], [0.45147679324894513, 0.5189873417721519, 0.029535864978902954], [0.5069637883008357, 0.48746518105849584, 0.005571030640668524], [0.24165029469548133, 0.724950884086444, 0.03339882121807466], [0.46296296296296297, 0.5111111111111111, 0.025925925925925925], [0.4106776180698152, 0.5708418891170431, 0.018480492813141684], [0.6120218579234973, 0.37158469945355194, 0.01639344262295082], [0.5288966725043783, 0.4553415061295972, 0.01576182136602452], [0.34202898550724636, 0.6347826086956522, 0.02318840579710145], [0.38589211618257263, 0.5850622406639004, 0.029045643153526972], [0.5986159169550173, 0.3944636678200692, 0.006920415224913495], [0.40559440559440557, 0.5748251748251748, 0.019580419580419582], [0.42990654205607476, 0.5420560747663551, 0.028037383177570093], [0.29239766081871343, 0.6754385964912281, 0.03216374269005848], [0.5041152263374485, 0.48559670781893005, 0.0102880658436214], [0.610655737704918, 0.38934426229508196, 0.0], [0.5537790697674418, 0.42877906976744184, 0.01744186046511628], [0.4724689165186501, 0.5142095914742452, 0.013321492007104795], [0.5565862708719852, 0.43042671614100186, 0.012987012987012988], [0.5085066162570888, 0.4669187145557656, 0.024574669187145556], [0.4921996879875195, 0.49297971918876754, 0.014820592823712949], [0.4371859296482412, 0.5389447236180904, 0.02386934673366834], [0.4479553903345725, 0.5353159851301115, 0.016728624535315983], [0.5304878048780488, 0.4573170731707317, 0.012195121951219513], [0.5901328273244781, 0.40037950664136623, 0.009487666034155597], [0.4962962962962963, 0.47962962962962963, 0.024074074074074074], [0.48592592592592593, 0.5022222222222222, 0.011851851851851851], [0.35947712418300654, 0.6169934640522876, 0.023529411764705882], [0.5319949811794228, 0.45796737766624845, 0.010037641154328732], [0.6067415730337079, 0.38202247191011235, 0.011235955056179775], [0.44505494505494503, 0.5457875457875457, 0.009157509157509158], [0.42691903259726605, 0.5583596214511041, 0.014721345951629864], [0.5077220077220077, 0.47297297297297297, 0.019305019305019305], [0.5606617647058824, 0.43566176470588236, 0.003676470588235294], [0.4397834912043302, 0.5426251691474966, 0.017591339648173207], [0.4403183023872679, 0.5477453580901857, 0.011936339522546418], [0.5167785234899329, 0.4541387024608501, 0.029082774049217], [0.45054945054945056, 0.5406593406593406, 0.008791208791208791], [0.5145348837209303, 0.47238372093023256, 0.01308139534883721], [0.4228187919463087, 0.5514541387024608, 0.025727069351230425], [0.3892543859649123, 0.5800438596491229, 0.03070175438596491], [0.4493006993006993, 0.5227272727272727, 0.027972027972027972], [0.4389438943894389, 0.5495049504950495, 0.01155115511551155], [0.5138339920948617, 0.4782608695652174, 0.007905138339920948], [0.4847715736040609, 0.4631979695431472, 0.05203045685279188], [0.5599022004889975, 0.4180929095354523, 0.022004889975550123], [0.563816604708798, 0.41016109045848825, 0.026022304832713755], [0.5596330275229358, 0.44036697247706424, 0.0], [0.4841075794621027, 0.5036674816625917, 0.012224938875305624], [0.7176470588235294, 0.2823529411764706, 0.0], [0.1791044776119403, 0.7723880597014925, 0.048507462686567165], [0.4072810011376564, 0.571103526734926, 0.02161547212741752], [0.5047281323877069, 0.4799054373522459, 0.015366430260047281], [0.46248085758039814, 0.5160796324655437, 0.021439509954058193], [0.4363103953147877, 0.5344070278184481, 0.029282576866764276], [0.4735135135135135, 0.5167567567567568, 0.00972972972972973], [0.544529262086514, 0.4402035623409669, 0.015267175572519083], [0.2403846153846154, 0.7307692307692307, 0.028846153846153848], [0.5606060606060606, 0.42676767676767674, 0.012626262626262626], [0.4793103448275862, 0.506896551724138, 0.013793103448275862], [0.473604826546003, 0.49924585218702866, 0.027149321266968326], [0.4408284023668639, 0.5355029585798816, 0.023668639053254437], [0.36129032258064514, 0.613978494623656, 0.024731182795698924], [0.5352112676056338, 0.4507042253521127, 0.014084507042253521], [0.48731884057971014, 0.5018115942028986, 0.010869565217391304], [0.5053191489361702, 0.48138297872340424, 0.013297872340425532], [0.5355129650507328, 0.44983089064261556, 0.014656144306651634], [0.43613707165109034, 0.5327102803738317, 0.03115264797507788], [0.5816793893129771, 0.41374045801526715, 0.004580152671755725], [0.4786096256684492, 0.5026737967914439, 0.01871657754010695], [0.45265888456549935, 0.5265888456549935, 0.020752269779507133], [0.5, 0.4846938775510204, 0.015306122448979591], [0.46417445482866043, 0.5109034267912772, 0.024922118380062305], [0.574, 0.424, 0.002], [0.47876447876447875, 0.5038610038610039, 0.017374517374517374], [0.4607734806629834, 0.5348066298342542, 0.004419889502762431], [0.3593339176161262, 0.6222611744084137, 0.018404907975460124], [0.466893039049236, 0.5008488964346349, 0.03225806451612903], [0.40262172284644193, 0.5549313358302123, 0.04244694132334582], [0.5117967332123412, 0.46098003629764067, 0.02722323049001815], [0.37906976744186044, 0.6046511627906976, 0.01627906976744186], [0.4946727549467275, 0.4824961948249619, 0.0228310502283105], [0.5227272727272727, 0.46853146853146854, 0.008741258741258742], [0.43352601156069365, 0.5303468208092486, 0.036127167630057806], [0.4916286149162861, 0.5007610350076104, 0.0076103500761035], [0.5868187579214195, 0.4068441064638783, 0.0063371356147021544], [0.26337448559670784, 0.7160493827160493, 0.0205761316872428], [0.4979209979209979, 0.4885654885654886, 0.013513513513513514], [0.47898493259318004, 0.5114988104678826, 0.00951625693893735], [0.40905602455871065, 0.570222563315426, 0.02072141212586339], [0.5039308176100629, 0.4779874213836478, 0.018081761006289308], [0.32978723404255317, 0.6306990881458967, 0.03951367781155015], [0.42916666666666664, 0.5645833333333333, 0.00625], [0.5405164737310775, 0.44612644701691895, 0.013357079252003561], [0.5153617443012884, 0.47770069375619423, 0.006937561942517344], [0.47730398899587345, 0.49931224209078406, 0.023383768913342505], [0.4881087202718007, 0.5016987542468856, 0.010192525481313703], [0.4703476482617587, 0.49795501022494887, 0.03169734151329243], [0.4460511679644049, 0.5317018909899889, 0.02224694104560623], [0.478809738503156, 0.5085662759242561, 0.012623985572587917], [0.514018691588785, 0.4616822429906542, 0.024299065420560748], [0.5130434782608696, 0.4782608695652174, 0.008695652173913044], [0.44014401440144013, 0.5346534653465347, 0.025202520252025202], [0.4497863247863248, 0.5363247863247863, 0.013888888888888888], [0.530241935483871, 0.45564516129032256, 0.014112903225806451], [0.45202020202020204, 0.5328282828282829, 0.015151515151515152], [0.475, 0.5191176470588236, 0.0058823529411764705], [0.4056291390728477, 0.5860927152317881, 0.008278145695364239], [0.4295499021526419, 0.550880626223092, 0.019569471624266144], [0.42764976958525347, 0.5474654377880185, 0.02488479262672811], [0.5132743362831859, 0.46106194690265484, 0.02566371681415929], [0.5634517766497462, 0.4365482233502538, 0.0], [0.5052732502396932, 0.48034515819750717, 0.014381591562799617], [0.4840041279669763, 0.49638802889576883, 0.0196078431372549], [0.5848101265822785, 0.389873417721519, 0.02531645569620253], [0.3840856924254017, 0.5975516449885233, 0.018362662586074982], [0.49777777777777776, 0.4888888888888889, 0.013333333333333334], [0.47796610169491527, 0.5050847457627119, 0.01694915254237288], [0.4963768115942029, 0.473731884057971, 0.029891304347826088], [0.5119538334707338, 0.4699093157460841, 0.018136850783182192], [0.49174528301886794, 0.4893867924528302, 0.018867924528301886], [0.4574290484140234, 0.5208681135225376, 0.021702838063439065], [0.6081081081081081, 0.38344594594594594, 0.008445945945945946], [0.4197707736389685, 0.5601719197707736, 0.02005730659025788], [0.42628774422735344, 0.5595026642984015, 0.014209591474245116], [0.5404929577464789, 0.44366197183098594, 0.01584507042253521], [0.4349621472814866, 0.553337921541638, 0.01169993117687543], [0.7112676056338029, 0.2852112676056338, 0.0035211267605633804], [0.4748858447488584, 0.5050228310502283, 0.02009132420091324], [0.4696601941747573, 0.5133495145631068, 0.01699029126213592], [0.43159065628476084, 0.5406006674082313, 0.027808676307007785], [0.4673024523160763, 0.5054495912806539, 0.027247956403269755], [0.5308970099667774, 0.453156146179402, 0.015946843853820596], [0.46672428694900603, 0.5142610198789974, 0.01901469317199654], [0.5017182130584192, 0.47766323024054985, 0.020618556701030927], [0.38450899031811897, 0.5961272475795297, 0.019363762102351315], [0.37589376915219613, 0.6108273748723186, 0.013278855975485188], [0.5416666666666666, 0.44333333333333336, 0.015], [0.49589858314690527, 0.48471290082028334, 0.019388516032811335], [0.40799158780231337, 0.5667718191377498, 0.025236593059936908], [0.509009009009009, 0.4594594594594595, 0.03153153153153153], [0.42138364779874216, 0.5446540880503145, 0.033962264150943396], [0.5220338983050847, 0.4542372881355932, 0.023728813559322035], [0.42290748898678415, 0.5550660792951542, 0.022026431718061675], [0.5278137128072445, 0.445019404915912, 0.027166882276843468], [0.5586776859504132, 0.42479338842975206, 0.01652892561983471], [0.4174757281553398, 0.5547850208044383, 0.027739251040221916], [0.4261523988711195, 0.5606773283160865, 0.01317027281279398], [0.4588235294117647, 0.503921568627451, 0.03725490196078431], [0.4534412955465587, 0.5290148448043185, 0.017543859649122806], [0.547191011235955, 0.42696629213483145, 0.025842696629213482], [0.5797665369649806, 0.41245136186770426, 0.007782101167315175], [0.38823529411764707, 0.5699346405228758, 0.04183006535947712], [0.4949201741654572, 0.4862119013062409, 0.018867924528301886], [0.5192943770672547, 0.47078280044101434, 0.009922822491730982], [0.5540123456790124, 0.43209876543209874, 0.013888888888888888], [0.4858757062146893, 0.496045197740113, 0.01807909604519774], [0.4939759036144578, 0.4859437751004016, 0.020080321285140562], [0.48717948717948717, 0.5, 0.01282051282051282], [0.47865459249676584, 0.5058214747736093, 0.015523932729624839], [0.45614035087719296, 0.5164473684210527, 0.027412280701754384], [0.5141700404858299, 0.46558704453441296, 0.020242914979757085], [0.47603305785123967, 0.4975206611570248, 0.026446280991735537], [0.49084668192219677, 0.4931350114416476, 0.016018306636155607], [0.46205357142857145, 0.515625, 0.022321428571428572], [0.6243478260869565, 0.33217391304347826, 0.043478260869565216], [0.5095693779904307, 0.45454545454545453, 0.03588516746411483], [0.4346473029045643, 0.5311203319502075, 0.03423236514522822], [0.48404840484048406, 0.4961496149614962, 0.019801980198019802], [0.5477707006369427, 0.445859872611465, 0.006369426751592357], [0.47420417124039516, 0.5181119648737651, 0.007683863885839737], [0.48134328358208955, 0.4975124378109453, 0.021144278606965175], [0.46555323590814196, 0.5198329853862212, 0.014613778705636743], [0.4298780487804878, 0.5457317073170732, 0.024390243902439025], [0.534957627118644, 0.4491525423728814, 0.015889830508474576], [0.4161073825503356, 0.5570469798657718, 0.026845637583892617], [0.40229885057471265, 0.5804597701149425, 0.017241379310344827], [0.5, 0.4930747922437673, 0.006925207756232687], [0.49825783972125437, 0.46806039488966317, 0.03368176538908246], [0.4150453955901427, 0.5590142671854734, 0.02594033722438392], [0.4057071960297767, 0.5744416873449132, 0.019851116625310174], [0.36382322713257964, 0.6217882836587872, 0.014388489208633094], [0.5092250922509225, 0.474169741697417, 0.016605166051660517], [0.4769403824521935, 0.5106861642294713, 0.012373453318335208], [0.5378151260504201, 0.45210084033613446, 0.010084033613445379], [0.5274584929757343, 0.4508301404853129, 0.021711366538952746], [0.41388518024032045, 0.5674232309746329, 0.018691588785046728], [0.4786795048143054, 0.4828060522696011, 0.03851444291609354], [0.3801732435033686, 0.5928777670837344, 0.026948989412897015], [0.4085872576177285, 0.5526315789473685, 0.038781163434903045], [0.3668005354752343, 0.607764390896921, 0.025435073627844713], [0.45605095541401275, 0.5312101910828025, 0.012738853503184714], [0.431924882629108, 0.5618153364632238, 0.006259780907668232], [0.5893333333333334, 0.392, 0.018666666666666668], [0.4342915811088296, 0.5420944558521561, 0.023613963039014373], [0.5584307178631052, 0.42320534223706174, 0.018363939899833055], [0.48673740053050396, 0.493368700265252, 0.01989389920424403], [0.37976539589442815, 0.592375366568915, 0.02785923753665689], [0.6784660766961652, 0.31563421828908556, 0.0058997050147492625], [0.405982905982906, 0.5683760683760684, 0.02564102564102564], [0.5470941883767535, 0.44288577154308617, 0.01002004008016032], [0.7391304347826086, 0.2608695652173913, 0.0], [0.4686192468619247, 0.5146443514644351, 0.016736401673640166], [0.4935437589670014, 0.4835007173601148, 0.02295552367288379], [0.4785553047404063, 0.5022573363431151, 0.019187358916478554], [0.5255474452554745, 0.45255474452554745, 0.021897810218978103], [0.5977653631284916, 0.3854748603351955, 0.01675977653631285], [0.515625, 0.4661458333333333, 0.018229166666666668], [0.505307855626327, 0.4883227176220807, 0.006369426751592357], [0.5119363395225465, 0.46949602122015915, 0.01856763925729443], [0.46214511041009465, 0.5094637223974764, 0.028391167192429023], [0.5195530726256983, 0.4776536312849162, 0.002793296089385475], [0.4855072463768116, 0.4927536231884058, 0.021739130434782608], [0.4880174291938998, 0.49019607843137253, 0.02178649237472767], [0.5254237288135594, 0.4648910411622276, 0.009685230024213076], [0.46983546617915906, 0.5210237659963437, 0.009140767824497258], [0.546236559139785, 0.43870967741935485, 0.015053763440860216], [0.5235849056603774, 0.46226415094339623, 0.014150943396226415], [0.7261904761904762, 0.27380952380952384, 0.0], [0.5882352941176471, 0.40588235294117647, 0.0058823529411764705], [0.4888888888888889, 0.49166666666666664, 0.019444444444444445], [0.5639344262295082, 0.4262295081967213, 0.009836065573770493], [0.5507692307692308, 0.4430769230769231, 0.006153846153846154], [0.5624012638230648, 0.4218009478672986, 0.01579778830963665], [0.5085227272727273, 0.48579545454545453, 0.005681818181818182], [0.6261859582542695, 0.3719165085388994, 0.0018975332068311196], [0.5604395604395604, 0.42857142857142855, 0.01098901098901099], [0.43661971830985913, 0.543661971830986, 0.01971830985915493], [0.4985835694050991, 0.48725212464589235, 0.014164305949008499], [0.4591304347826087, 0.5165217391304348, 0.02434782608695652], [0.47216035634743875, 0.48329621380846327, 0.044543429844097995], [0.5687103594080338, 0.41014799154334036, 0.021141649048625793], [0.5091575091575091, 0.4633699633699634, 0.027472527472527472], [0.4485294117647059, 0.5122549019607843, 0.0392156862745098], [0.3698630136986301, 0.5616438356164